793087878548983808
793845200636481536
794289908361940992
794245404388827136
794198706400718848
794197091740315648
794187381628948480
794172782540161024
794170519163695104
794151173351731200
794138424169078784
794126463352139776
794072413071933440
794052743677825025
794041669431730176
794458416999698432
794424672238600192
794422036026236928
794419173749358593
794416219218706432
794413434297352192
794405333187915776
794134250245197824
794242752317915136
794236566847848448
794211199667892225
794225150132711424
794210061157539840
794202524974804994
794016591734312960
794013997259427840
794011750798598144
794010286231580672
793979773928296448
794002175328403456
793934726826496001
793839555883302912
793887165319155712
793871232143851521
793869568418742272
794610875835392000
794929576988155904
794587440765800449
794951756639830017
794775134967984128
794757498779693056
794718544848179200
794687188025884672
794544603789664256
794524226686423040
794419353835933696
794414145160577024
794323522747322376
794274564251516935
794250789292244992
794181128110374912
794070158272765952
794064491373821952
794013952271335425
794012857360928768
793994745450270720
793984878031372293
793975778891493381
793973086479613952
793966152812732416
793957338319306752
793861086453886984
793837679670534149
793769730263875584
794858119939719168
794748595304103936
794728487361933312
794650464742678528
794608990634315776
794713366564478976
794698084676603905
794698260136882177
794630317118099456
794615439259209728
794592632152395776
794585229348536320
794570041769553925
794567911532797958
794231257269817344
794539925081300992
794532243041583105
794402096523014144
794399236959764481
794397485481373696
794391829634392064
794389773427220481
794385692742717440
794380680184655872
794375433655447552
794366359261937664
794364589345370112
794361135407345664
794360797514186752
794357021017395200
794351046826991616
794343900836032512
