789645306841341952
757813106902904832
677434107140300800
783045959936647168
740140760096333824
786683887304912896
649227970930827264
782951027049758720
790611047740682240
702209311393476610
726033807728467968
770969231357726720
707737526006460421
740539067717148673
787053097424007168
781957836175736832
780782269241954304
778500288529346562
776846779455119360
719693429769252865
560840566716379136
712008260698509312
783062455630958593
738475084529184768
699978256053723137
783427716766961666
753380298327527424
740636763077660672
681951352583421952
779370549579354112
760541761529929729
762808067519983616
724867479898562560
740538790951817216
770969569536057344
780410990718365696
781941948844158976
771452582657073152
789148510012792832
685199676669231104
776440365830156288
760199695885033472
783375166743060480
779054054529826816
699683249996443648
781490594652655617
790911682935742464
787982320426967040
788406029268557824
685199758147780608
764932441517592577
789487974765436928
727947946684129281
681951950909227008
782950931910397952
784102453075730432
785940250942058496
770287796011409408
776915321932218369
771345900706734080
770435283170971648
793850109058355201
789164836827439104
782002037273796608
763093211560763392
767829126900178944
786564478661820416
788846863059345408
717399843652546561
781171267936276481
755712768070737921
776627960883220480
727497632382246912
785880448853422080
723633996530208769
780826900826431488
718446058771075072
748823593350406144
747571142387347456
756101550167035906
776165972377939969
773257559683665920
699281095980744706
792123782164979713
793514540377919489
684767990974263296
789110781132484608
776915669975564288
785940070310121472
788415453735456768
785935023216087040
768908529759580160
794220664248930304
776698376553242624
755573996372922369
787881726336905218