793884997560053760
794628826143801344
796428854894018560
779525164945907712
795766060234506240
796760618112000001
795624850140368896
766715425551818752
793547607586934785
797097462032924672
797847570328514560
715841964873228289
755917825970057216
781193544006504449
783403754833838080
797160760040419328
796723444209647616
780828857544810496
727174492389302273
719653563136413696
794204906232172544
750724627517714433
793516316145684480
740239290836221952
797098220149161984
796864606907953152
785876312506249216
736216642254864384
753237804629495808
798209632925810688
797938086470676480
797182137950674945
793210075250696192
766072802071879680
798177273304129536
790995306129137665
797145558376820736
798261874362122241
797194316821254144
788166593364631552
788169455654187009
794205603459661824
788492005626171392
745008942359552000
751508607779217410
735939173551636484
743138772842340352
678893994424721408
715842050386747392
784447982280118272
795747681599561728