789148510012792832
685199676669231104
776440365830156288
760199695885033472
783375166743060480
779054054529826816
699683249996443648
781490594652655617
790911682935742464
787982320426967040
788406029268557824
685199758147780608
764932441517592577
789487974765436928
727947946684129281
681951950909227008
782950931910397952
784102453075730432
785940250942058496
770287796011409408
776915321932218369
771345900706734080
770435283170971648
793850109058355201
789164836827439104
782002037273796608
763093211560763392
767829126900178944
786564478661820416
788846863059345408
717399843652546561
781171267936276481
755712768070737921
776627960883220480
727497632382246912
785880448853422080
723633996530208769
780826900826431488
718446058771075072
748823593350406144
747571142387347456
756101550167035906
776165972377939969
773257559683665920
699281095980744706
792123782164979713
793514540377919489
684767990974263296
789110781132484608
776915669975564288
785940070310121472
788415453735456768
785935023216087040
768908529759580160
794220664248930304
776698376553242624
755573996372922369
787881726336905218